31.2961796208
59.4480768525
81.6273108589
95.6055657328
99.9784662063
94.3066732257
79.1600237166
56.0602798839
27.3282399403
-4.14942916986
-35.2102110682
-62.733473438
-83.9539934882
-96.7397759309
-99.8062514976
-92.8453357755
-76.5563820076
-52.5759180736
-23.3132268743
8.29171087324
39.0635922929
65.9108104856
86.1360638516
97.7073501227
99.4621187231
91.2240705622
73.8208705519
49.0009932974
19.2580563552
-12.4197099553
-42.8496857763
-68.974614975
-88.1697632936
-98.5066216442
-98.9466606578
-89.4456702443
-70.958201317
-45.3416634278
-15.1697134871
16.5263158633
46.5619699042
71.9196094479
90.0515887304
99.1362137356
98.2607651873
87.5131981485
67.9733053024
41.6042317263
11.0552405144
-20.6044548945
-50.1940502003
-74.7407210982
-91.7782986837
-99.5950419135
-97.4056137791
-85.4299829927
-64.8713240451
-37.7951359863
-6.92172469073
24.6471023811
53.7396703409
77.4330905103
93.3469188645
99.8823158378
96.3826794468
83.1996131526
61.6576007638
33.9209374438
2.77628607163
-28.64729479
-57.1927229315
-79.9920800294
-94.7547472964
-99.9975406742
-95.1937242132
-80.8259304803
-58.3376711547
-29.9883094757
1.37393475024
32.5981417176
60.5472600268
82.4132817498
95.9993589694
99.9405179457
93.8407960752
78.313023687
54.9172538564
26.0040261044
-5.52178894475
-36.4928377589
-63.7975033761
-84.6925251082
-97.0786100176
-99.7113458751
-92.3262254758
-75.6652213
-51.4022405991
-21.9749503297
9.66013175835
